envs_id=4	-0.41541657,-0.0694426,-0.50545228,-0.2762211,-0.7800017,-0.08304361,0.52900636,0.27133045,0.11090585,-0.0739071,0.0737305,0.20557837,-0.0790709,-0.1041897,-0.71276098,0.45567009
regions_id=8	0.30022785,0.341764,-0.24695672,-0.34252542,0.23644628,-0.59227329,-0.48699862,0.07172694,0.32140818,0.21898688,-0.58523113,-0.59308958,-0.07074185,-0.42101496,0.67151409,-0.60761207
regions_id=21	0.48397595,0.27196938,-0.2294948,-0.46238446,0.56201559,0.11239993,-0.4726966,0.31939152,0.05355571,-0.52058637,-0.21481092,-0.32585374,-0.09511168,0.08111886,0.24797599,-0.69223607
regions_id=25	-0.08715878,0.36688003,0.10254607,-0.34821638,0.33946073,0.05726723,-0.65806997,0.10310168,0.00667824,-0.15402156,-0.02012189,-0.34684277,-0.47334743,-0.37748918,0.11387851,-0.14839113
regions_id=15	0.58452058,0.07214651,-0.15531307,-0.35059506,-0.12567535,0.12749933,-0.54125834,0.17884359,0.31486693,-0.15635262,-0.16160211,-0.15941893,0.05423817,-0.09482641,0.32678831,-0.16712923
regions_id=24	-0.29246441,0.17380871,-0.06354972,0.24658196,-0.1200203,-0.42090949,-0.06746572,-0.50936282,-0.26084214,-0.58938479,0.11475523,0.11462488,0.08647725,-0.45649061,0.37724358,-0.42796963
regions_id=16	0.43589386,-0.30017453,0.32104495,-0.34929001,0.56852013,-0.04803408,0.20328428,-0.27726358,0.23734128,-0.4914867,-0.45429599,-0.59884888,-0.24839598,-0.53022611,0.61025602,-0.39464685
regions_id=12	-0.17162503,0.16217844,-0.18081041,-0.23869194,0.02180842,-0.17957956,-0.0335255,0.30728361,-0.22133122,-0.26294577,0.14139447,-0.28119981,-0.24452516,-0.06215483,0.17112654,-0.37576529
regions_id=9	0.32335392,0.08418985,0.51165861,-0.41197908,-0.07692796,-0.24846533,-0.42686123,-0.04824141,-0.52981669,-0.05504027,0.16423292,0.02106065,-0.01692861,-0.21943985,-0.02228068,0.15445304
regions_id=1	0.59651482,0.13508406,-0.22644176,0.72458267,-0.03768794,-0.03005597,0.49633858,0.40001971,0.1439393,-0.02775302,0.07109525,0.61607569,0.38805813,0.63796926,0.21788839,-0.04573122
regions_id=5	-0.26942408,0.02700952,-0.13565727,-0.33352783,0.25534582,-0.32111341,-0.13395637,0.19799715,0.38857996,0.08559356,-0.49751917,-0.51942688,-0.54022157,-0.53270352,-0.13018005,-0.40195552
regions_id=13	0.22581689,-0.04703838,0.4262349,-0.0905788,0.13546205,-0.01040965,-0.7511093,0.20655411,0.02280571,-0.48328066,-0.50056344,-0.15028298,0.16789156,0.34822154,0.44662821,-0.42602417
regions_id=28	0.24002759,0.20522037,0.0492288,-0.38473317,-0.18551368,-0.52231109,0.20438045,0.39396745,-0.09103829,-0.09735446,-0.49565768,-0.25409904,-0.55908626,-0.5442698,0.3004736,0.07403582
regions_id=20	0.50928658,0.50262964,-0.17449446,-0.29907438,-0.02516848,-0.06159764,-0.05728469,-0.32196534,-0.41348842,-0.4025217,-0.47591504,-0.42469704,-0.47366542,-0.38687226,0.14190632,-0.4519932
regions_id=17	-0.28526339,0.21100415,0.47992069,-0.04266008,0.55928618,0.37816173,-0.51571041,0.46573973,-0.07435887,0.20221601,-0.30072203,-0.45883256,-0.44227076,-0.33117113,0.58955789,0.19338591
regions_id=14	0.5109635,0.12762697,0.62661815,0.11830622,0.69803607,-0.17688192,0.34565124,-0.0546223,-0.32854834,0.45435169,0.19424824,0.22545019,0.042433,-0.03491457,0.54961622,-0.47487292
regions_id=6	0.38266107,-0.08062577,0.37791851,0.17719308,0.08792897,0.41800788,0.00965014,0.23573402,-0.15412724,-0.38473508,0.03880794,-0.45170385,-0.54327798,-0.53332967,-0.03933171,0.03393287
envs_id=1	-0.01330092,0.28093615,0.78904241,-0.0526677,0.14545795,0.47157419,0.33525947,-0.02756779,0.78599042,0.38189983,0.6260708,0.08521619,0.54814363,0.56651211,0.32596582,0.91583538
envs_id=2	-0.47639477,0.33017805,-0.1642471,-0.34401047,-0.45442608,0.39596099,0.68251568,0.08166303,0.3794522,0.31784794,-0.14847837,-0.27477273,-0.0508877,0.24550857,-0.41261747,0.08751994
regions_id=7	-0.07935724,-0.2964344,-0.09771553,0.41721231,0.34233603,-0.10128887,-0.43996346,-0.18432993,-0.04707071,-0.37342075,0.15798262,-0.25296617,0.1175196,-0.19820215,0.10838733,-0.08413468
regions_id=22	0.04715013,0.43067372,0.52237439,-0.31828564,-0.23902385,0.45130607,0.17731725,-0.46781212,-0.38497168,0.45479274,-0.32008117,-0.28011194,-0.38214621,-0.1351365,0.5186584,0.35012999
regions_id=4	0.3901175,0.21777183,-0.33236682,0.44372821,-0.07546847,-0.46771961,-0.45516425,0.04282,-0.23895055,-0.07122505,-0.3510589,-0.04099353,0.15094958,-0.46047533,-0.01488723,-0.58245414
regions_id=27	0.51348162,0.51763737,0.26979682,-0.11848865,0.39067578,0.17262159,-0.17845345,0.44809785,0.13555183,0.0831006,0.3322157,0.028246,-0.33123916,-0.15290472,0.45135215,2.346e-05
regions_id=11	-0.01972942,0.42766118,0.39843246,-0.24483535,0.47929743,0.28154987,0.29940933,-0.07111504,-0.25323725,0.1746702,0.1822294,0.29234672,-0.45997477,-0.15566918,0.54693502,-0.23424879
regions_id=2	0.36566412,0.41216877,0.59033746,-0.03959982,0.17692427,-0.00303321,0.35092327,0.26272747,-0.36001217,0.13464983,-0.20515363,-0.15756741,-0.30967355,0.04026425,-0.17768759,0.02194898
regions_id=10	-0.15096846,0.05892454,0.53875566,0.41998577,0.63978493,-0.12071293,-0.05292746,0.3748031,-0.47066084,-0.35650077,0.01060258,-0.17904834,0.18453194,-0.28445601,0.18885052,-0.31260201
regions_id=18	0.328076,-0.25394994,0.06673544,0.36789829,0.37888473,-0.30850956,-0.32679573,-0.17915012,0.47699696,0.46753177,0.56966311,-0.17744851,-0.25927636,-0.04116981,0.46562356,-0.05710097
regions_id=19	0.19133243,-0.11404318,-0.13929172,-0.12096572,0.23766953,0.21699257,0.32034937,-0.15210499,-0.0003415,0.05266432,-0.55175948,0.43571863,0.52443707,0.34306586,0.11266753,-0.55141938
regions_id=26	0.43011478,0.51325893,0.14377786,0.10157206,-0.07348357,-0.30694091,0.34714681,0.15440413,0.32889357,0.45193207,-0.21429628,0.52405852,0.53552485,0.37280691,-0.08362527,0.11013398
regions_id=3	0.09595798,-0.06571829,0.05281777,-0.04984033,0.79587054,0.82832831,0.69081974,0.55557197,0.17192741,0.05698797,0.44824392,0.81372023,0.26394641,0.24732006,0.93742073,0.33536676
